id,password,user_id
c2647bb2-d87a-4489-a0db-5d7840abb36a,5678,70dcbac4-cfe9-4cb0-a68e-3d00fb31dfac